1 1000 125 200 90
1 1000 125 1800 90
1 200 125 1000 0
1 0 125 200 90
1 0 125 600 90
1 0 125 1000 90
1 0 125 1400 90
1 0 125 1800 90
1 2000 125 200 90
1 2000 125 600 90
1 2000 125 1000 90
1 2000 125 1400 90
1 2000 125 1800 90
1 200 125 0 0
1 600 125 0 0
1 1000 125 0 0
1 1400 125 0 0
1 1800 125 0 0
1 200 125 2000 0
1 600 125 2000 0
1 1000 125 2000 0
1 1400 125 2000 0
1 1800 125 2000 0
1 1249 100 377 -179
1 1210 100 377 -179
1 443 100 842 -90
1 683 100 840 -180
1 1406 100 614 90
1 1410 100 1009 90
1 1808 100 1810 -44
1 1231 100 1067 45
1 865 100 1224 0
1 624 100 1388 -90
2 1679 50 425 0
2 1687 50 791 0
2 1668 50 1003 0
2 1687 50 1430 0
2 1683 50 1477 0
2 1580 50 1482 0
2 1461 50 1453 0
2 1327 50 1462 0
2 1249 50 1462 0
2 1104 50 1460 0
2 1016 50 1468 0
2 911 50 1472 0
2 833 50 1468 0
2 776 50 1592 0
2 757 50 1803 0
2 751 50 1851 0
2 540 50 1768 0
2 440 50 1779 0
2 1671 50 512 0
2 1679 50 633 0
2 1683 50 700 0
2 1698 50 902 0
2 1691 50 1070 0
2 1687 50 1161 0
2 1691 50 1259 0
2 1691 50 1346 0
2 1804 50 410 0
2 1808 50 482 0
2 1804 50 608 0
2 1796 50 690 0
2 1800 50 758 0
2 1796 50 884 0
2 1780 50 986 0
2 1780 50 1071 0
2 1804 50 1180 0
2 1816 50 1272 0
2 1784 50 1380 0
2 1792 50 1452 0
2 1796 50 1517 0
2 1572 50 1418 0
2 1457 50 1387 0
2 1337 50 1401 0
2 1238 50 1387 0
2 1117 50 1366 0
2 993 50 1411 0
2 908 50 1392 0
2 817 50 1400 0
2 1824 50 317 0
2 1808 50 216 0
2 1808 50 124 0
2 1683 50 132 0
2 1698 50 215 0
2 1691 50 323 0
2 1557 50 130 0
2 1554 50 207 0
2 1420 50 130 0
2 1428 50 208 0
2 882 50 1597 0
2 875 50 1811 0
2 878 50 1886 0
2 875 50 1728 0
2 872 50 1667 0
2 757 50 1670 0
2 754 50 1724 0
2 661 50 1701 0
2 658 50 1797 0
2 652 50 1850 0
2 513 50 1819 0
2 423 50 1845 0
2 540 50 1700 0
2 440 50 1689 0
2 1576 50 1561 0
2 1580 50 1661 0
2 1576 50 1734 0
2 1576 50 1817 0
2 1580 50 1898 0
2 1453 50 1502 0
2 1446 50 1583 0
2 1446 50 1642 0
2 1446 50 1698 0
2 1446 50 1777 0
2 1442 50 1875 0
2 1305 50 1535 0
2 1316 50 1633 0
2 1305 50 1732 0
2 1312 50 1852 0
2 1217 50 1543 0
2 1217 50 1633 0
2 1207 50 1734 0
2 1207 50 1846 0
2 1110 50 1540 0
2 1016 50 1543 0
2 914 50 1515 0
2 808 50 1546 0
2 328 50 1688 0
2 263 50 1683 0
2 192 50 1679 0
2 105 50 1669 0
2 322 50 1811 0
2 197 50 1782 0
2 100 50 1772 0
2 337 50 1862 0
2 219 50 1878 0
2 124 50 1864 0
2 458 50 1608 0
2 440 50 1528 0
2 446 50 1441 0
2 440 50 1373 0
2 440 50 1315 0
2 443 50 1248 0
2 446 50 1163 0
2 446 50 1122 0
2 342 50 1121 0
2 342 50 1181 0
2 337 50 1253 0
2 334 50 1325 0
2 339 50 1389 0
2 339 50 1452 0
2 325 50 1529 0
2 325 50 1639 0
2 252 50 1630 0
2 241 50 1532 0
2 230 50 1452 0
2 233 50 1390 0
2 216 50 1309 0
2 216 50 1252 0
2 214 50 1207 0
2 222 50 1127 0
2 156 50 1617 0
2 140 50 1500 0
2 135 50 1447 0
2 129 50 1396 0
2 121 50 1317 0
2 124 50 1266 0
2 121 50 1196 0
2 132 50 1123 0
2 549 50 1112 0
2 558 50 1154 0
2 567 50 1065 0
2 570 50 997 0
2 576 50 919 0
2 695 50 933 0
2 704 50 984 0
2 670 50 1075 0
2 677 50 1117 0
2 677 50 1153 0
2 786 50 1146 0
2 786 50 1100 0
2 783 50 1069 0
2 824 50 996 0
2 840 50 929 0
2 976 50 934 0
2 980 50 1006 0
2 950 50 1055 0
2 950 50 1120 0
2 947 50 1158 0
2 1107 50 943 0
2 1107 50 1012 0
2 1127 50 889 0
2 1117 50 816 0
2 1114 50 750 0
2 1114 50 674 0
2 1114 50 585 0
2 1117 50 528 0
2 1124 50 465 0
2 1259 50 453 0
2 1245 50 531 0
2 1252 50 573 0
2 1245 50 637 0
2 1228 50 727 0
2 1242 50 804 0
2 1245 50 884 0
2 1013 50 853 0
2 1006 50 793 0
2 1003 50 753 0
2 1000 50 688 0
2 996 50 572 0
2 996 50 519 0
2 1000 50 460 0
2 878 50 695 0
2 764 50 687 0
2 882 50 578 0
2 776 50 577 0
2 891 50 519 0
2 767 50 520 0
2 895 50 445 0
2 783 50 455 0
2 891 50 359 0
2 901 50 268 0
2 882 50 141 0
2 898 50 210 0
2 773 50 145 0
2 783 50 211 0
2 789 50 281 0
2 789 50 378 0
2 698 50 364 0
2 704 50 433 0
2 701 50 499 0
2 683 50 576 0
2 692 50 253 0
2 689 50 184 0
2 689 50 148 0
3 513 85 1330 179
5 110 85 1667 0
5 1542 85 1145 0
3 1019 85 502 -90
6 205 85 265 0
