1 0 125 200 90
1 0 125 600 90
1 0 125 1000 90
1 0 125 1400 90
1 0 125 1800 90
1 2000 125 200 90
1 2000 125 600 90
1 2000 125 1000 90
1 2000 125 1400 90
1 2000 125 1800 90
1 200 125 0 0
1 600 125 0 0
1 1000 125 0 0
1 1400 125 0 0
1 1800 125 0 0
1 200 125 2000 0
1 600 125 2000 0
1 1000 125 2000 0
1 1400 125 2000 0
1 1808 125 2008 0
1 1777 100 680 0
1 1788 100 1003 0
1 1352 100 681 0
1 1169 100 478 -90
1 1513 100 679 0
1 1388 100 1009 0
1 754 100 235 90
1 761 100 596 90
1 770 100 592 90
1 1309 100 1206 135
1 1550 100 1434 135
1 764 100 954 -90
1 767 100 1312 89
1 924 100 1491 -180
1 686 100 1935 90
1 534 100 1384 179
1 365 100 1384 179
1 368 100 1552 89
1 236 100 1031 -179
1 374 100 553 -89
1 164 100 554 0
2 1718 50 780 0
2 1718 50 868 0
2 1718 50 918 0
2 1588 50 783 0
2 1588 50 850 0
2 1588 50 890 0
2 1453 50 763 0
2 1494 50 835 0
2 1479 50 884 0
2 1355 50 782 0
2 1256 50 788 0
2 1345 50 854 0
2 1345 50 912 0
2 1221 50 846 0
2 1217 50 900 0
2 1148 50 790 0
2 1145 50 860 0
2 1162 50 898 0
2 1040 50 790 0
2 927 50 801 0
2 1063 50 874 0
2 1060 50 927 0
2 957 50 875 0
2 950 50 931 0
2 1029 50 686 0
2 1026 50 621 0
2 1026 50 543 0
2 1026 50 458 0
2 1026 50 358 0
2 1023 50 258 0
2 1019 50 183 0
2 1026 50 126 0
2 924 50 149 0
2 924 50 195 0
2 924 50 257 0
2 924 50 335 0
2 930 50 445 0
2 930 50 557 0
2 930 50 628 0
2 940 50 721 0
2 1124 50 117 0
2 1100 50 211 0
2 1238 50 115 0
2 1235 50 189 0
2 1355 50 110 0
2 1355 50 168 0
2 1461 50 113 0
2 1591 50 94 0
2 1761 50 87 0
2 1896 50 81 0
2 1896 50 136 0
2 1896 50 198 0
2 1896 50 253 0
2 1896 50 281 0
2 1900 50 349 0
2 1892 50 429 0
2 1892 50 491 0
2 1892 50 549 0
2 1761 50 145 0
2 1761 50 250 0
2 1761 50 342 0
2 1761 50 447 0
2 1769 50 538 0
2 1610 50 159 0
2 1610 50 245 0
2 1614 50 318 0
2 1610 50 396 0
2 1610 50 522 0
2 1476 50 174 0
2 1472 50 283 0
2 1472 50 349 0
2 1464 50 474 0
2 1464 50 546 0
2 1370 50 248 0
2 1363 50 363 0
2 1355 50 470 0
2 1359 50 525 0
2 1050 50 1021 0
2 1053 50 1065 0
2 1053 50 1131 0
2 1053 50 1222 0
2 1060 50 1332 0
2 1056 50 1379 0
2 1217 50 1335 0
2 1330 50 1359 0
2 1320 50 1407 0
2 1189 50 1401 0
2 960 50 1009 0
2 937 50 1065 0
2 937 50 1145 0
2 943 50 1220 0
2 937 50 1284 0
2 937 50 1371 0
2 1323 50 1472 0
2 1337 50 1560 0
2 1316 50 1630 0
2 1334 50 1725 0
2 1341 50 1829 0
2 1352 50 1908 0
2 1472 50 1568 0
2 1483 50 1638 0
2 1483 50 1714 0
2 1479 50 1832 0
2 1483 50 1918 0
2 1614 50 1604 0
2 1614 50 1640 0
2 1614 50 1707 0
2 1610 50 1880 0
2 1614 50 1934 0
2 1876 50 1926 0
2 1733 50 1939 0
2 1864 50 1863 0
2 1730 50 1898 0
2 1876 50 1796 0
2 1892 50 1687 0
2 1884 50 1590 0
2 1888 50 1491 0
2 1880 50 1384 0
2 1880 50 1281 0
2 1892 50 1199 0
2 1884 50 1096 0
2 1737 50 1111 0
2 1737 50 1192 0
2 1737 50 1304 0
2 1745 50 1375 0
2 1599 50 1103 0
2 1603 50 1170 0
2 1614 50 1297 0
2 1498 50 1121 0
2 1183 50 1633 0
2 1207 50 1705 0
2 1221 50 1825 0
2 1228 50 1912 0
2 1080 50 1617 0
2 1080 50 1711 0
2 1083 50 1790 0
2 1083 50 1922 0
2 983 50 1604 0
2 878 50 1590 0
2 940 50 1672 0
2 953 50 1766 0
2 934 50 1907 0
2 779 50 1590 0
2 862 50 1681 0
2 862 50 1789 0
2 862 50 1899 0
2 761 50 1658 0
2 655 50 1500 0
2 655 50 1566 0
2 655 50 1653 0
2 543 50 1499 0
2 540 50 1573 0
2 546 50 1624 0
2 567 50 1738 0
2 555 50 1826 0
2 549 50 1887 0
2 463 50 1896 0
2 371 50 1886 0
2 455 50 1848 0
2 368 50 1845 0
2 269 50 1843 0
2 263 50 1905 0
2 181 50 1837 0
2 156 50 1907 0
2 272 50 1766 0
2 272 50 1692 0
2 269 50 1614 0
2 266 50 1543 0
2 167 50 1550 0
2 162 50 1623 0
2 162 50 1705 0
2 162 50 1770 0
2 97 50 1433 0
2 92 50 1366 0
2 92 50 1296 0
2 89 50 1195 0
2 78 50 1114 0
2 203 50 1110 0
2 203 50 1192 0
2 197 50 1291 0
2 314 50 1293 0
2 308 50 1204 0
2 328 50 1100 0
2 502 50 1105 0
2 493 50 1179 0
2 490 50 1305 0
2 640 50 1101 0
2 637 50 1176 0
2 631 50 1283 0
2 634 50 1005 0
2 634 50 919 0
2 631 50 799 0
2 628 50 704 0
2 624 50 605 0
2 624 50 444 0
2 621 50 325 0
2 621 50 173 0
2 522 50 171 0
2 522 50 300 0
2 519 50 439 0
2 519 50 595 0
2 522 50 696 0
2 522 50 805 0
2 522 50 923 0
2 525 50 1044 0
2 417 50 813 0
2 408 50 921 0
2 294 50 793 0
2 297 50 905 0
2 203 50 787 0
2 203 50 886 0
2 94 50 879 0
2 94 50 806 0
2 283 50 727 0
2 283 50 664 0
2 192 50 722 0
2 189 50 677 0
2 86 50 720 0
2 86 50 689 0
2 394 50 175 0
2 394 50 239 0
3 1516 85 316 0
4 1710 85 1222 0
5 983 85 1077 90
3 1060 85 1785 0
5 594 85 839 0
3 127 85 735 90
4 178 85 1851 0
