1 0 125 200 90
1 0 125 600 90
1 0 125 1000 90
1 0 125 1400 90
1 0 125 1800 90
1 2000 125 200 90
1 2000 125 600 90
1 2000 125 1000 90
1 2000 125 1400 90
1 2000 125 1800 90
1 200 125 0 0
1 600 125 0 0
1 1000 125 0 0
1 1400 125 0 0
1 1800 125 0 0
1 200 125 2000 0
1 600 125 2000 0
1 1000 125 2000 0
1 1400 125 2000 0
1 1808 100 2008 0
1 216 100 602 0
1 1607 100 176 -135
1 1784 100 707 -135
1 1320 100 453 45
1 1277 100 742 134
1 1228 100 1025 44
1 1660 100 1063 90
1 1660 100 1446 90
1 1660 100 1758 90
1 882 100 1163 0
1 555 100 1340 -135
1 368 100 1283 -89
1 564 100 590 0
1 729 100 428 89
1 478 100 143 89
1 1056 100 1395 89
1 811 100 1763 89
2 1832 50 320 0
2 1761 50 396 0
2 1695 50 471 0
2 1660 50 510 0
2 1614 50 579 0
2 1580 50 644 0
2 1872 50 410 0
2 1836 50 480 0
2 1796 50 550 0
2 1714 50 642 0
2 1660 50 315 0
2 1572 50 438 0
2 1539 50 523 0
2 1457 50 632 0
2 1576 50 734 0
2 1565 50 837 0
2 1561 50 963 0
2 1557 50 1096 0
2 1557 50 1165 0
2 1580 50 1319 0
2 1565 50 1474 0
2 1561 50 1600 0
2 1561 50 1723 0
2 1565 50 1833 0
2 1442 50 1088 0
2 1446 50 1154 0
2 1453 50 1305 0
2 1453 50 1479 0
2 1457 50 1600 0
2 1464 50 1722 0
2 1468 50 1838 0
2 1355 50 1305 0
2 1352 50 1489 0
2 1355 50 1620 0
2 1355 50 1723 0
2 1359 50 1831 0
2 1249 50 1291 0
2 1256 50 1478 0
2 1252 50 1606 0
2 1259 50 1722 0
2 1266 50 1845 0
2 1138 50 1738 0
2 1138 50 1830 0
2 1033 50 1732 0
2 1036 50 1820 0
2 940 50 1734 0
2 947 50 1852 0
2 947 50 1635 0
2 947 50 1527 0
2 947 50 1396 0
2 960 50 1288 0
2 840 50 1410 0
2 862 50 1291 0
2 846 50 1514 0
2 748 50 1521 0
2 745 50 1418 0
2 637 50 1526 0
2 631 50 1579 0
2 717 50 1634 0
2 634 50 1711 0
2 729 50 1801 0
2 652 50 1838 0
2 739 50 1926 0
2 525 50 1696 0
2 513 50 1836 0
2 408 50 1619 0
2 513 50 1627 0
2 531 50 1767 0
2 508 50 1924 0
2 414 50 1710 0
2 414 50 1855 0
2 414 50 1931 0
2 320 50 1716 0
2 311 50 1623 0
2 311 50 1865 0
2 317 50 1932 0
2 219 50 1628 0
2 219 50 1710 0
2 225 50 1873 0
2 222 50 1929 0
2 275 50 1500 0
2 277 50 1403 0
2 263 50 1291 0
2 263 50 1191 0
2 261 50 1071 0
2 252 50 1022 0
2 255 50 940 0
2 258 50 828 0
2 261 50 734 0
2 116 50 741 0
2 124 50 845 0
2 127 50 955 0
2 124 50 1022 0
2 127 50 1070 0
2 129 50 1196 0
2 145 50 1295 0
2 156 50 1411 0
2 156 50 1507 0
2 397 50 721 0
2 552 50 721 0
2 723 50 712 0
2 904 50 719 0
2 904 50 790 0
2 901 50 842 0
2 898 50 901 0
2 888 50 1055 0
2 717 50 1048 0
2 711 50 990 0
2 707 50 903 0
2 717 50 824 0
2 549 50 801 0
2 552 50 908 0
2 555 50 999 0
2 555 50 1050 0
2 408 50 781 0
2 399 50 933 0
2 402 50 994 0
2 402 50 1063 0
2 1029 50 705 0
2 1019 50 768 0
2 1019 50 812 0
2 1019 50 903 0
2 1019 50 1034 0
2 1029 50 984 0
2 917 50 987 0
2 1013 50 593 0
2 1013 50 490 0
2 1013 50 375 0
2 1009 50 272 0
2 1009 50 153 0
2 1224 50 113 0
2 1214 50 248 0
2 1406 50 102 0
2 882 50 252 0
2 888 50 368 0
2 891 50 500 0
2 891 50 605 0
2 849 50 126 0
2 707 50 119 0
2 612 50 129 0
2 615 50 233 0
2 609 50 299 0
2 621 50 399 0
2 618 50 483 0
2 487 50 412 0
2 490 50 471 0
2 365 50 400 0
2 374 50 484 0
3 1395 85 1720 0
4 118 85 1853 90
5 655 85 1794 90
3 181 85 909 90
5 976 85 878 0
4 328 85 144 90
