1 0 125 200 90
1 0 125 600 90
1 0 125 1000 90
1 0 125 1400 90
1 0 125 1800 90
1 2000 125 200 90
1 2000 125 600 90
1 2000 125 1000 90
1 2000 125 1400 90
1 2000 125 1800 90
1 200 125 0 0
1 600 125 0 0
1 1000 125 0 0
1 1400 125 0 0
1 1800 125 0 0
1 200 125 2000 0
1 600 125 2000 0
1 1000 125 2000 0
1 1400 125 2000 0
1 1800 125 2000 0
1 379 100 1759 89
1 380 100 1361 90
1 380 100 958 90
1 792 100 1121 -90
1 962 100 1359 0
1 1364 100 1362 0
1 1531 100 1124 89
1 1544 100 513 89
1 1309 100 507 -180
1 1030 100 508 -180
1 629 100 506 0
1 229 100 503 0
1 794 100 740 90
2 192 50 1664 0
2 186 50 1582 0
2 186 50 1490 0
2 186 50 1402 0
2 186 50 1285 0
2 177 50 1171 0
2 183 50 1086 0
2 180 50 1001 0
2 183 50 913 0
2 183 50 847 0
2 183 50 739 0
2 282 50 666 0
2 196 50 660 0
2 409 50 657 0
2 636 50 668 0
2 633 50 764 0
2 633 50 837 0
2 633 50 900 0
2 633 50 963 0
2 629 50 1029 0
2 623 50 1092 0
2 629 50 1136 0
2 623 50 1192 0
2 629 50 1291 0
2 626 50 1387 0
2 626 50 1473 0
2 626 50 1540 0
2 626 50 1583 0
2 626 50 1705 0
2 639 50 1753 0
2 639 50 1836 0
2 871 50 1573 0
2 871 50 1641 0
2 871 50 1720 0
2 878 50 1802 0
2 1019 50 1578 0
2 1259 50 1595 0
2 1274 50 1685 0
2 1274 50 1727 0
2 1286 50 1806 0
2 1419 50 1594 0
2 1431 50 1688 0
2 1431 50 1738 0
2 1431 50 1825 0
2 1642 50 1621 0
2 1638 50 1687 0
2 1630 50 1749 0
2 1634 50 1804 0
2 1026 50 1796 0
2 1781 50 1647 0
2 1789 50 1726 0
2 1789 50 1804 0
2 1785 50 1588 0
2 1789 50 1492 0
2 1789 50 1387 0
2 1793 50 1264 0
2 1789 50 1160 0
2 1789 50 1085 0
2 1789 50 1003 0
2 1793 50 910 0
2 1793 50 817 0
2 1802 50 716 0
2 1798 50 631 0
2 1793 50 545 0
2 1793 50 437 0
2 1789 50 366 0
2 1789 50 277 0
2 1793 50 213 0
2 1793 50 150 0
2 1705 50 150 0
2 1705 50 194 0
2 1399 50 151 0
2 1399 50 208 0
2 1309 50 148 0
2 1213 50 142 0
2 1134 50 146 0
2 1037 50 148 0
2 946 50 149 0
2 822 50 150 0
2 745 50 157 0
2 1667 50 764 0
2 1671 50 834 0
2 1523 50 779 0
2 1523 50 823 0
2 1395 50 631 0
2 1395 50 714 0
2 1403 50 785 0
2 1403 50 832 0
2 1387 50 922 0
2 1395 50 986 0
2 1387 50 1047 0
2 1376 50 1144 0
2 279 50 736 0
2 279 50 835 0
2 279 50 915 0
2 282 50 1010 0
2 279 50 1112 0
2 279 50 1179 0
2 276 50 1297 0
2 270 50 1396 0
2 260 50 1491 0
2 260 50 1577 0
2 270 50 1670 0
2 526 50 1049 0
2 526 50 1098 0
2 526 50 1180 0
2 523 50 1265 0
2 529 50 1334 0
2 533 50 1397 0
2 513 50 1494 0
2 510 50 1595 0
2 516 50 1707 0
2 523 50 1793 0
2 523 50 1845 0
3 579 85 1191 0
4 878 85 1506 0
3 1439 85 1883 0
4 1179 85 1244 0
3 1108 85 375 0
4 616 85 116 0
2 0 50 0 0
2 519 50 961 0
2 513 50 908 0
2 519 50 840 0
2 523 50 777 0
2 773 50 1810 0
2 773 50 1726 0
2 766 50 1641 0
2 773 50 1575 0
2 1164 50 1800 0
2 1164 50 1741 0
2 1153 50 1691 0
2 1149 50 1603 0
2 1026 50 1676 0
2 1030 50 1738 0
2 1034 50 193 0
2 943 50 208 0
2 950 50 275 0
2 950 50 368 0
2 1037 50 276 0
2 1034 50 366 0
2 1141 50 198 0
2 1138 50 257 0
2 1134 50 345 0
2 1240 50 203 0
2 1240 50 267 0
2 1240 50 313 0
2 1407 50 268 0
2 1407 50 333 0
2 1336 50 217 0
2 1333 50 270 0
2 1333 50 310 0
2 825 50 221 0
2 818 50 296 0
2 829 50 363 0
2 749 50 207 0
2 752 50 291 0
2 749 50 352 0
2 629 50 161 0
2 629 50 214 0
2 629 50 267 0
2 629 50 310 0
2 629 50 373 0
2 1259 50 605 0
2 1271 50 711 0
2 1267 50 796 0
2 1267 50 845 0
2 1179 50 794 0
2 1179 50 844 0
2 1078 50 797 0
2 1074 50 842 0
2 1126 50 632 0
2 1126 50 712 0
2 1282 50 941 0
2 1360 50 1251 0
2 1290 50 1005 0
2 1290 50 1054 0
2 1278 50 1154 0
2 1278 50 1253 0
2 1171 50 952 0
2 1179 50 1012 0
2 1171 50 1058 0
2 1171 50 1156 0
2 1160 50 1243 0
2 1052 50 1248 0
2 1060 50 1144 0
2 1056 50 1061 0
2 1056 50 988 0
2 1052 50 929 0
2 1030 50 708 0
2 1019 50 636 0
2 925 50 643 0
2 925 50 712 0
2 946 50 923 0
2 943 50 995 0
2 950 50 1067 0
2 939 50 1142 0
2 950 50 1249 0
2 932 50 804 0
2 939 50 865 0
2 399 50 716 0
2 516 50 669 0
