1 0 125 200 90
1 0 125 600 90
1 0 125 1000 90
1 0 125 1400 90
1 0 125 1800 90
1 2000 125 200 90
1 2000 125 600 90
1 2000 125 1000 90
1 2000 125 1400 90
1 2000 125 1800 90
1 200 125 0 0
1 600 125 0 0
1 1000 125 0 0
1 1400 125 0 0
1 1800 125 0 0
1 200 125 2000 0
1 600 125 2000 0
1 1000 125 2000 0
1 1400 125 2000 0
1 1808 125 2008 0
1 937 125 699 0
1 1127 125 943 90
1 882 125 1166 -179
1 534 125 707 -179
1 297 125 870 -90
1 704 125 1400 -90
1 934 125 1572 0
1 1334 125 1576 0
1 1494 125 1336 89
1 1498 125 937 89
1 1494 125 541 89
1 94 125 711 -180
1 303 125 1267 -90
1 1252 125 374 0
1 770 125 240 90
1 862 125 1168 179
1 930 125 702 179
1 878 125 2030 -89
1 1520 125 1000 0
2 655 50 793 0
2 655 50 865 0
2 646 50 961 0
2 655 50 1077 0
2 549 50 801 0
2 561 50 866 0
2 558 50 931 0
2 555 50 1079 0
2 431 50 798 0
2 440 50 862 0
2 437 50 956 0
2 440 50 1058 0
2 549 50 1150 0
2 549 50 1227 0
2 546 50 1298 0
2 549 50 1375 0
2 549 50 1443 0
2 549 50 1535 0
2 540 50 1603 0
2 443 50 1157 0
2 455 50 1228 0
2 458 50 1316 0
2 452 50 1374 0
2 455 50 1444 0
2 455 50 1520 0
2 458 50 1600 0
2 325 50 1529 0
2 337 50 1599 0
2 205 50 1519 0
2 216 50 1613 0
2 205 50 1422 0
2 200 50 1323 0
2 197 50 1223 0
2 197 50 1102 0
2 189 50 1005 0
2 189 50 937 0
2 189 50 838 0
2 81 50 840 0
2 92 50 927 0
2 86 50 1089 0
2 97 50 1223 0
2 92 50 1310 0
2 97 50 1419 0
2 94 50 1517 0
2 89 50 1612 0
2 549 50 1671 0
2 537 50 1783 0
2 543 50 1857 0
2 543 50 1907 0
2 443 50 1774 0
2 437 50 1826 0
2 449 50 1885 0
2 449 50 1923 0
2 331 50 1668 0
2 334 50 1729 0
2 334 50 1801 0
2 337 50 1868 0
2 345 50 1932 0
2 214 50 1698 0
2 219 50 1758 0
2 222 50 1821 0
2 222 50 1875 0
2 225 50 1927 0
2 97 50 1691 0
2 89 50 1752 0
2 100 50 1837 0
2 102 50 1896 0
2 113 50 1947 0
2 789 50 1937 0
2 649 50 1922 0
2 798 50 1874 0
2 798 50 1807 0
2 802 50 1728 0
2 661 50 1740 0
2 661 50 1803 0
2 661 50 1869 0
2 795 50 1667 0
2 661 50 1671 0
2 934 50 1671 0
2 930 50 1724 0
2 930 50 1789 0
2 1070 50 1679 0
2 1060 50 1731 0
2 1066 50 1807 0
2 1063 50 1873 0
2 1066 50 1927 0
2 1207 50 1680 0
2 1210 50 1769 0
2 1210 50 1843 0
2 1217 50 1904 0
2 1210 50 1722 0
2 1327 50 1695 0
2 1330 50 1754 0
2 1330 50 1812 0
2 1330 50 1870 0
2 1330 50 1932 0
2 1461 50 1719 0
2 1464 50 1814 0
2 1464 50 1775 0
2 1464 50 1877 0
2 1468 50 1913 0
2 1599 50 1703 0
2 1610 50 1787 0
2 1626 50 1858 0
2 1629 50 1899 0
2 1622 50 1945 0
2 1714 50 1695 0
2 1737 50 1777 0
2 1737 50 1832 0
2 1737 50 1889 0
2 1745 50 1961 0
2 1860 50 1681 0
2 1864 50 1750 0
2 1848 50 1855 0
2 1852 50 1889 0
2 1868 50 1963 0
2 1730 50 1615 0
2 1726 50 1540 0
2 1726 50 1513 0
2 1730 50 1473 0
2 1730 50 1375 0
2 1730 50 1317 0
2 1730 50 1243 0
2 1730 50 1152 0
2 1737 50 1094 0
2 1868 50 1102 0
2 1872 50 1150 0
2 1872 50 1240 0
2 1880 50 1322 0
2 1880 50 1360 0
2 1868 50 1497 0
2 1868 50 1558 0
2 1880 50 1621 0
2 1868 50 1545 0
2 1896 50 1037 0
2 1900 50 955 0
2 1892 50 886 0
2 1892 50 821 0
2 1888 50 718 0
2 1884 50 629 0
2 1884 50 502 0
2 1880 50 385 0
2 1884 50 285 0
2 1880 50 213 0
2 1880 50 110 0
2 1780 50 109 0
2 1796 50 210 0
2 1788 50 289 0
2 1792 50 370 0
2 1796 50 482 0
2 1788 50 629 0
2 1788 50 710 0
2 1777 50 803 0
2 1784 50 887 0
2 1675 50 106 0
2 1691 50 209 0
2 1695 50 272 0
2 1691 50 363 0
2 1698 50 464 0
2 1691 50 609 0
2 1702 50 700 0
2 1695 50 797 0
2 1698 50 895 0
2 1565 50 113 0
2 1580 50 208 0
2 1576 50 255 0
2 1464 50 103 0
2 1468 50 168 0
2 1479 50 239 0
2 1366 50 99 0
2 1370 50 151 0
2 1373 50 225 0
2 1288 50 84 0
2 1273 50 157 0
2 1280 50 217 0
2 1179 50 89 0
2 1183 50 171 0
2 1186 50 235 0
2 1060 50 101 0
2 1063 50 173 0
2 1066 50 232 0
2 957 50 96 0
2 963 50 158 0
2 966 50 229 0
2 898 50 81 0
2 895 50 155 0
2 891 50 229 0
2 980 50 299 0
2 976 50 346 0
2 980 50 396 0
2 983 50 467 0
2 983 50 526 0
2 983 50 585 0
2 904 50 302 0
2 908 50 351 0
2 908 50 398 0
2 901 50 457 0
2 904 50 534 0
2 908 50 592 0
2 1077 50 464 0
2 1162 50 466 0
2 1224 50 462 0
2 1288 50 458 0
2 1381 50 453 0
2 1377 50 495 0
2 1388 50 547 0
2 1381 50 599 0
2 1384 50 658 0
2 1384 50 713 0
2 1388 50 742 0
2 1388 50 781 0
2 1388 50 859 0
2 1388 50 905 0
2 1295 50 500 0
2 1295 50 574 0
2 1295 50 651 0
2 1298 50 745 0
2 1298 50 829 0
2 1298 50 874 0
2 1302 50 922 0
2 1288 50 793 0
2 1183 50 531 0
2 1186 50 585 0
2 1083 50 527 0
2 1083 50 574 0
2 1263 50 974 0
2 1266 50 1041 0
2 1259 50 1080 0
2 1391 50 1078 0
2 1391 50 1130 0
2 1384 50 1198 0
2 1381 50 1270 0
2 1377 50 1364 0
2 1384 50 1442 0
2 1384 50 1504 0
2 1284 50 1132 0
2 1284 50 1212 0
2 1284 50 1293 0
2 1280 50 1363 0
2 1280 50 1412 0
2 1273 50 1498 0
2 1189 50 1191 0
2 1186 50 1274 0
2 1165 50 1356 0
2 1165 50 1403 0
2 1165 50 1479 0
2 1053 50 1260 0
2 1050 50 1320 0
2 1053 50 1401 0
2 1050 50 1480 0
2 937 50 1272 0
2 940 50 1319 0
2 950 50 1406 0
2 953 50 1484 0
2 833 50 1266 0
2 837 50 1355 0
2 837 50 1416 0
2 833 50 1483 0
2 805 50 469 0
2 677 50 474 0
2 786 50 531 0
2 798 50 582 0
2 637 50 515 0
2 677 50 588 0
2 528 50 495 0
2 516 50 525 0
2 522 50 589 0
2 670 50 384 0
2 670 50 285 0
2 667 50 225 0
2 664 50 159 0
2 661 50 79 0
2 528 50 73 0
2 534 50 134 0
2 531 50 214 0
2 528 50 368 0
2 405 50 80 0
2 411 50 161 0
2 411 50 205 0
2 405 50 299 0
2 408 50 362 0
2 405 50 450 0
2 405 50 514 0
2 408 50 592 0
3 1169 85 1378 0
3 1765 85 240 0
3 1765 85 1834 0
2 537 50 284 0
2 537 50 417 0
2 78 50 1002 0
2 431 50 1673 0
3 127 85 1126 -90
3 490 85 1478 89
3 493 85 294 -90
